 VARIABLES="X","Y","U","V","T"
 ZONE I=          12 ,J=          12 F=POINT
   0.0000000000000000        0.0000000000000000        0.0000000000000000        0.0000000000000000        1.0000000000000000     
   5.0000000745058060E-002   0.0000000000000000        0.0000000000000000        0.0000000000000000        0.0000000000000000     
  0.15000000223517418        0.0000000000000000        0.0000000000000000        0.0000000000000000        0.0000000000000000     
  0.25000000372529030        0.0000000000000000        0.0000000000000000        0.0000000000000000        0.0000000000000000     
  0.35000000521540642        0.0000000000000000        0.0000000000000000        0.0000000000000000        0.0000000000000000     
  0.45000000670552254        0.0000000000000000        0.0000000000000000        0.0000000000000000        0.0000000000000000     
  0.55000000819563866        0.0000000000000000        0.0000000000000000        0.0000000000000000        0.0000000000000000     
  0.65000000968575478        0.0000000000000000        0.0000000000000000        0.0000000000000000        0.0000000000000000     
  0.75000001117587090        0.0000000000000000        0.0000000000000000        0.0000000000000000        0.0000000000000000     
  0.85000001266598701        0.0000000000000000        0.0000000000000000        0.0000000000000000        0.0000000000000000     
  0.95000000670552254        0.0000000000000000        0.0000000000000000        0.0000000000000000        0.0000000000000000     
   1.0000000000000000        0.0000000000000000        0.0000000000000000        0.0000000000000000        0.0000000000000000     
   0.0000000000000000        5.0000000745058060E-002   0.0000000000000000        0.0000000000000000        1.0000000000000000     
   5.0000000745058060E-002   5.0000000745058060E-002   0.0000000000000000        0.0000000000000000       0.57628730108418447     
  0.15000000223517418        5.0000000745058060E-002   0.0000000000000000        0.0000000000000000       0.25997071056575849     
  0.25000000372529030        5.0000000745058060E-002   0.0000000000000000        0.0000000000000000       0.11430750970577594     
  0.35000000521540642        5.0000000745058060E-002   0.0000000000000000        0.0000000000000000        4.9736474376698751E-002
  0.45000000670552254        5.0000000745058060E-002   0.0000000000000000        0.0000000000000000        2.1528092740639489E-002
  0.55000000819563866        5.0000000745058060E-002   0.0000000000000000        0.0000000000000000        9.2878150182979253E-003
  0.65000000968575478        5.0000000745058060E-002   0.0000000000000000        0.0000000000000000        3.9921312371782825E-003
  0.75000001117587090        5.0000000745058060E-002   0.0000000000000000        0.0000000000000000        1.6958040483659514E-003
  0.85000001266598701        5.0000000745058060E-002   0.0000000000000000        0.0000000000000000        6.7750675114337377E-004
  0.95000000670552254        5.0000000745058060E-002   0.0000000000000000        0.0000000000000000        1.7114171884007365E-004
   1.0000000000000000        5.0000000745058060E-002   0.0000000000000000        0.0000000000000000        0.0000000000000000     
   0.0000000000000000       0.15000000223517418        0.0000000000000000        0.0000000000000000        1.0000000000000000     
   5.0000000745058060E-002  0.15000000223517418        0.0000000000000000        0.0000000000000000       0.56170289575951571     
  0.15000000223517418       0.15000000223517418        0.0000000000000000        0.0000000000000000       0.24147132737532531     
  0.25000000372529030       0.15000000223517418        0.0000000000000000        0.0000000000000000       0.10386705357898088     
  0.35000000521540642       0.15000000223517418        0.0000000000000000        0.0000000000000000        4.4561873188545223E-002
  0.45000000670552254       0.15000000223517418        0.0000000000000000        0.0000000000000000        1.9076415995416110E-002
  0.55000000819563866       0.15000000223517418        0.0000000000000000        0.0000000000000000        8.1534188256348686E-003
  0.65000000968575478       0.15000000223517418        0.0000000000000000        0.0000000000000000        3.4763008063026643E-003
  0.75000001117587090       0.15000000223517418        0.0000000000000000        0.0000000000000000        1.4664883832169200E-003
  0.85000001266598701       0.15000000223517418        0.0000000000000000        0.0000000000000000        5.8254651566209416E-004
  0.95000000670552254       0.15000000223517418        0.0000000000000000        0.0000000000000000        1.4635172145491330E-004
   1.0000000000000000       0.15000000223517418        0.0000000000000000        0.0000000000000000        0.0000000000000000     
   0.0000000000000000       0.25000000372529030        0.0000000000000000        0.0000000000000000        1.0000000000000000     
   5.0000000745058060E-002  0.25000000372529030        0.0000000000000000        0.0000000000000000       0.55951797720875496     
  0.15000000223517418       0.25000000372529030        0.0000000000000000        0.0000000000000000       0.23651362521131819     
  0.25000000372529030       0.25000000372529030        0.0000000000000000        0.0000000000000000       0.10010116846319454     
  0.35000000521540642       0.25000000372529030        0.0000000000000000        0.0000000000000000        4.2338892373469592E-002
  0.45000000670552254       0.25000000372529030        0.0000000000000000        0.0000000000000000        1.7889602839247159E-002
  0.55000000819563866       0.25000000372529030        0.0000000000000000        0.0000000000000000        7.5521398065855486E-003
  0.65000000968575478       0.25000000372529030        0.0000000000000000        0.0000000000000000        3.1821786824315539E-003
  0.75000001117587090       0.25000000372529030        0.0000000000000000        0.0000000000000000        1.3276269919786979E-003
  0.85000001266598701       0.25000000372529030        0.0000000000000000        0.0000000000000000        5.2202337894026300E-004
  0.95000000670552254       0.25000000372529030        0.0000000000000000        0.0000000000000000        1.2970108218314868E-004
   1.0000000000000000       0.25000000372529030        0.0000000000000000        0.0000000000000000        0.0000000000000000     
   0.0000000000000000       0.35000000521540642        0.0000000000000000        0.0000000000000000        1.0000000000000000     
   5.0000000745058060E-002  0.35000000521540642        0.0000000000000000        0.0000000000000000       0.55892261352778450     
  0.15000000223517418       0.35000000521540642        0.0000000000000000        0.0000000000000000       0.23517504866471811     
  0.25000000372529030       0.35000000521540642        0.0000000000000000        0.0000000000000000        9.8912092768783794E-002
  0.35000000521540642       0.35000000521540642        0.0000000000000000        0.0000000000000000        4.1541351483992371E-002
  0.45000000670552254       0.35000000521540642        0.0000000000000000        0.0000000000000000        1.7416671867698512E-002
  0.55000000819563866       0.35000000521540642        0.0000000000000000        0.0000000000000000        7.2896990971612020E-003
  0.65000000968575478       0.35000000521540642        0.0000000000000000        0.0000000000000000        3.0429671695338962E-003
  0.75000001117587090       0.35000000521540642        0.0000000000000000        0.0000000000000000        1.2570302880770751E-003
  0.85000001266598701       0.35000000521540642        0.0000000000000000        0.0000000000000000        4.8935285253335378E-004
  0.95000000670552254       0.35000000521540642        0.0000000000000000        0.0000000000000000        1.2030719455754057E-004
   1.0000000000000000       0.35000000521540642        0.0000000000000000        0.0000000000000000        0.0000000000000000     
   0.0000000000000000       0.45000000670552254        0.0000000000000000        0.0000000000000000        1.0000000000000000     
   5.0000000745058060E-002  0.45000000670552254        0.0000000000000000        0.0000000000000000       0.55874110568848567     
  0.15000000223517418       0.45000000670552254        0.0000000000000000        0.0000000000000000       0.23483178442648775     
  0.25000000372529030       0.45000000670552254        0.0000000000000000        0.0000000000000000        9.8610630515796119E-002
  0.35000000521540642       0.45000000670552254        0.0000000000000000        0.0000000000000000        4.1333060134863236E-002
  0.45000000670552254       0.45000000670552254        0.0000000000000000        0.0000000000000000        1.7285377832669500E-002
  0.55000000819563866       0.45000000670552254        0.0000000000000000        0.0000000000000000        7.2103788940306186E-003
  0.65000000968575478       0.45000000670552254        0.0000000000000000        0.0000000000000000        2.9965699227755753E-003
  0.75000001117587090       0.45000000670552254        0.0000000000000000        0.0000000000000000        1.2310670333720774E-003
  0.85000001266598701       0.45000000670552254        0.0000000000000000        0.0000000000000000        4.7625905883165936E-004
  0.95000000670552254       0.45000000670552254        0.0000000000000000        0.0000000000000000        1.1631407527522698E-004
   1.0000000000000000       0.45000000670552254        0.0000000000000000        0.0000000000000000        0.0000000000000000     
   0.0000000000000000       0.55000000819563866        0.0000000000000000        0.0000000000000000        1.0000000000000000     
   5.0000000745058060E-002  0.55000000819563866        0.0000000000000000        0.0000000000000000       0.55876546101087299     
  0.15000000223517418       0.55000000819563866        0.0000000000000000        0.0000000000000000       0.23492603472187631     
  0.25000000372529030       0.55000000819563866        0.0000000000000000        0.0000000000000000        9.8731952143345514E-002
  0.35000000521540642       0.55000000819563866        0.0000000000000000        0.0000000000000000        4.1430677585064773E-002
  0.45000000670552254       0.55000000819563866        0.0000000000000000        0.0000000000000000        1.7345207441102871E-002
  0.55000000819563866       0.55000000819563866        0.0000000000000000        0.0000000000000000        7.2405622713035880E-003
  0.65000000968575478       0.55000000819563866        0.0000000000000000        0.0000000000000000        3.0091887980764642E-003
  0.75000001117587090       0.55000000819563866        0.0000000000000000        0.0000000000000000        1.2350852018873689E-003
  0.85000001266598701       0.55000000819563866        0.0000000000000000        0.0000000000000000        4.7683892842633954E-004
  0.95000000670552254       0.55000000819563866        0.0000000000000000        0.0000000000000000        1.1605805200823191E-004
   1.0000000000000000       0.55000000819563866        0.0000000000000000        0.0000000000000000        0.0000000000000000     
   0.0000000000000000       0.65000000968575478        0.0000000000000000        0.0000000000000000        1.0000000000000000     
   5.0000000745058060E-002  0.65000000968575478        0.0000000000000000        0.0000000000000000       0.55909097380811767     
  0.15000000223517418       0.65000000968575478        0.0000000000000000        0.0000000000000000       0.23559528666038068     
  0.25000000372529030       0.65000000968575478        0.0000000000000000        0.0000000000000000        9.9375212817557998E-002
  0.35000000521540642       0.65000000968575478        0.0000000000000000        0.0000000000000000        4.1890213803722792E-002
  0.45000000670552254       0.65000000968575478        0.0000000000000000        0.0000000000000000        1.7622639472907757E-002
  0.55000000819563866       0.65000000968575478        0.0000000000000000        0.0000000000000000        7.3908730826023530E-003
  0.65000000968575478       0.65000000968575478        0.0000000000000000        0.0000000000000000        3.0844408346309389E-003
  0.75000001117587090       0.65000000968575478        0.0000000000000000        0.0000000000000000        1.2700757137182707E-003
  0.85000001266598701       0.65000000968575478        0.0000000000000000        0.0000000000000000        4.9116710463438171E-004
  0.95000000670552254       0.65000000968575478        0.0000000000000000        0.0000000000000000        1.1929747459953625E-004
   1.0000000000000000       0.65000000968575478        0.0000000000000000        0.0000000000000000        0.0000000000000000     
   0.0000000000000000       0.75000001117587090        0.0000000000000000        0.0000000000000000        1.0000000000000000     
   5.0000000745058060E-002  0.75000001117587090        0.0000000000000000        0.0000000000000000       0.56037868834544546     
  0.15000000223517418       0.75000001117587090        0.0000000000000000        0.0000000000000000       0.23774405107141797     
  0.25000000372529030       0.75000001117587090        0.0000000000000000        0.0000000000000000       0.10118185149811572     
  0.35000000521540642       0.75000001117587090        0.0000000000000000        0.0000000000000000        4.3088001058752927E-002
  0.45000000670552254       0.75000001117587090        0.0000000000000000        0.0000000000000000        1.8318200147715159E-002
  0.55000000819563866       0.75000001117587090        0.0000000000000000        0.0000000000000000        7.7610926568777196E-003
  0.65000000968575478       0.75000001117587090        0.0000000000000000        0.0000000000000000        3.2693729443716408E-003
  0.75000001117587090       0.75000001117587090        0.0000000000000000        0.0000000000000000        1.3572212851246047E-003
  0.85000001266598701       0.75000001117587090        0.0000000000000000        0.0000000000000000        5.2811034470109832E-004
  0.95000000670552254       0.75000001117587090        0.0000000000000000        0.0000000000000000        1.2842094832088815E-004
   1.0000000000000000       0.75000001117587090        0.0000000000000000        0.0000000000000000        0.0000000000000000     
   0.0000000000000000       0.85000001266598701        0.0000000000000000        0.0000000000000000        1.0000000000000000     
   5.0000000745058060E-002  0.85000001266598701        0.0000000000000000        0.0000000000000000       0.56563364996018317     
  0.15000000223517418       0.85000001266598701        0.0000000000000000        0.0000000000000000       0.24429324044167799     
  0.25000000372529030       0.85000001266598701        0.0000000000000000        0.0000000000000000       0.10583494106660057     
  0.35000000521540642       0.85000001266598701        0.0000000000000000        0.0000000000000000        4.5870328991240647E-002
  0.45000000670552254       0.85000001266598701        0.0000000000000000        0.0000000000000000        1.9837132881309404E-002
  0.55000000819563866       0.85000001266598701        0.0000000000000000        0.0000000000000000        8.5406868574802106E-003
  0.65000000968575478       0.85000001266598701        0.0000000000000000        0.0000000000000000        3.6509890903546026E-003
  0.75000001117587090       0.85000001266598701        0.0000000000000000        0.0000000000000000        1.5357467181041460E-003
  0.85000001266598701       0.85000001266598701        0.0000000000000000        0.0000000000000000        6.0474830521861037E-004
  0.95000000670552254       0.85000001266598701        0.0000000000000000        0.0000000000000000        1.4902612356454596E-004
   1.0000000000000000       0.85000001266598701        0.0000000000000000        0.0000000000000000        0.0000000000000000     
   0.0000000000000000       0.95000000670552254        0.0000000000000000        0.0000000000000000        1.0000000000000000     
   5.0000000745058060E-002  0.95000000670552254        0.0000000000000000        0.0000000000000000       0.58936572692160794     
  0.15000000223517418       0.95000000670552254        0.0000000000000000        0.0000000000000000       0.26399313002452718     
  0.25000000372529030       0.95000000670552254        0.0000000000000000        0.0000000000000000       0.11706335300132778     
  0.35000000521540642       0.95000000670552254        0.0000000000000000        0.0000000000000000        5.1554382267937758E-002
  0.45000000670552254       0.95000000670552254        0.0000000000000000        0.0000000000000000        2.2572721402469985E-002
  0.55000000819563866       0.95000000670552254        0.0000000000000000        0.0000000000000000        9.8247304891160535E-003
  0.65000000968575478       0.95000000670552254        0.0000000000000000        0.0000000000000000        4.2437293041383039E-003
  0.75000001117587090       0.95000000670552254        0.0000000000000000        0.0000000000000000        1.8036084634508814E-003
  0.85000001266598701       0.95000000670552254        0.0000000000000000        0.0000000000000000        7.1815573045898881E-004
  0.95000000670552254       0.95000000670552254        0.0000000000000000        0.0000000000000000        1.8024790911945932E-004
   1.0000000000000000       0.95000000670552254        0.0000000000000000        0.0000000000000000        0.0000000000000000     
   0.0000000000000000        1.0000000000000000        0.0000000000000000        0.0000000000000000        1.0000000000000000     
   5.0000000745058060E-002   1.0000000000000000        0.0000000000000000        0.0000000000000000        0.0000000000000000     
  0.15000000223517418        1.0000000000000000        0.0000000000000000        0.0000000000000000        0.0000000000000000     
  0.25000000372529030        1.0000000000000000        0.0000000000000000        0.0000000000000000        0.0000000000000000     
  0.35000000521540642        1.0000000000000000        0.0000000000000000        0.0000000000000000        0.0000000000000000     
  0.45000000670552254        1.0000000000000000        0.0000000000000000        0.0000000000000000        0.0000000000000000     
  0.55000000819563866        1.0000000000000000        0.0000000000000000        0.0000000000000000        0.0000000000000000     
  0.65000000968575478        1.0000000000000000        0.0000000000000000        0.0000000000000000        0.0000000000000000     
  0.75000001117587090        1.0000000000000000        0.0000000000000000        0.0000000000000000        0.0000000000000000     
  0.85000001266598701        1.0000000000000000        0.0000000000000000        0.0000000000000000        0.0000000000000000     
  0.95000000670552254        1.0000000000000000        0.0000000000000000        0.0000000000000000        0.0000000000000000     
   1.0000000000000000        1.0000000000000000        0.0000000000000000        0.0000000000000000        0.0000000000000000     
